375 -519 -917 -351 -600 361 264 -174 -410 -237 -515 -213 394 -343 -923 -824 -173 836 -28 -696 801 -765 -373 -642 -360 -591 835 -726 -484 595 -583 -698 477 14 684 457 704 628
361 -105 -751 360 -234 745 -920 894 890 -334 -812 -191 -806 -315 -376 -353 -597 -50 -647 255 450 196 321 814 -566 -123
-530 683 55 -969 -575 -123 834 -401 420 968 440 -247 113 -95 -139 -365 491 -998 -200 750 486 -952 -807 540 -565 -866 -267 248 87 917
-904 -914 835 -889 -111 532 610 -28 -157 -245 768 640 -879 644 -393 -697 497 921 -597 22 -552 -913 124 170 -345 763 -204 -706 970 -605 525 873 -83 542 -167 61 -508
-771 699 154 344 94 -842 637 -890 -218 -444 953 -960 -194 -772 844 -311 634 463 -994 -175 317 -565 501 633 342 842 741 156 513 158 761 -201 997 145 950 935 852 439 405 481 -506 -491 -582 896 17 -924 -718 989 185 -894 885 -55 7
-648 899 958 526 997 -371 -555 164 594 98 -729 -139 340 -935 -330 851 879 997 428 284 919 -355 -792 345 -873 -70 810 -99 358 -472 397 -766 552 164 -855 710 -73 364 400 634 537 987 304
-906 -797 487 216 -46 -762 988 913 -358 407 -744 -421 -463 295 156 -187 474 430 386 -243 820 -164 -443 877 -81 -951 -534 -694 -284 890 548 -389 -99 332 44 -241 917 -672 -709 -914 -959 501 190 -308 276 762 648 -494 -860
-644 967 351 -256 615 24 748 -590 -747 -121 460 -455 982 -593 -34 377 661 21 152 -29 91 166 820 -32 -796 -175 -786 -841
408 749 -879 537 -27 904 616 -484 -371 -753 175 155 -783 -764 429 711 650 304 -685 -506 -807 -140 -239 -151 937 166 345 -400 -971 808 -14 320 -105 -207 -775 697 155 -110 -557 651 -216 -622 229 -481 -178 -755 516 -382 530 -727 -422 -701 -720 -489 -602 -802 221 756 430 -588 -525 -568 225 588
239 -275 407 -337 -210 -252 -370 -159 801 -84 -48 -265 -895 -374 -855 989 -352 113 424 2 -941 -289 -990 -413 325 507 -104 802 966 835 805 150 -506 -944 -20 -999 -132 376 708 305 54
763 539 -756 -900 856 -702 -740 188 888 -848 -705 -933 460 -83 -721 214 -474 -903 334 -637 968 -255 450 787 911
489 417 694 122 935 846 379 -96 -368 832 -41 15 -224 -388 -41 -84 453 -470 822 -256 171 234 -393 876 107 -100 -48 -617 -200 -164 491 -989 186 338 -23 -767 -760 72 764 794 -973 798 -434 400 -145 418 -759 -353 -949 -774 215 988
775 -569 39 -255 -594 -372 -211 -599 -481 -714 629 -984 -870 -748 -401 -756 -771 454 -470 459 905 74 -416 -413 670 686 -615 -270
897 501 295 -24 -997 531 889 -271 -472 228 619 -190 -585 926 -596 -297 -266 607 409 -850 222 352 147 578 655 -897 866 -295 25 -343 667 -172 -772 943 135 -571 -21 667 -712 145 549 -277 262 -452 -514 137 -301 761 -358 -391 -955 -836 457 -760 -560 255 775 484 782 -806 -555 -754 -557
-517 -950 25 613 -349 348 332 276 689 -762 21 -592 -953 885 -616 -85 622 -513 913 452 858 810 -318 860 -818 73 -806 -91 644 -580 -853 286 -568 -122 990 489 -394 266 840 -975 172 706 -794 144 632 -326 496 268 -207 529 542 -948 609
713 275 272 376 -883 610 -78 702 767 -606 -917 523 893 484 -93 307 -88 -810 -312 -933 -277 181 -405 987 243 -974 544 18
827 -190 -314 -656 826 102 -296 666 801 -568 -617 630 971 190 -963 309 25 931 10 956 -441 152 -25 832 -475 -670 -236 -695 546 965 105 -468 -135 -926 780 491 451 -424
-99 616 588 -413 35 -6 149 48 -625 268 -483 -92 -730 -287 -486 983 -522 690 431 798 347 329 -541 131 -686 828 -965 -406 583 144 -645 865 -422 -486 -203 -572 337 -68 412 936 -931 -333 457 291 -825 253 -819 -670 668 989 778 499 926 -123 872 210 -988 473 -779 -162 -928 816 260 -102 -192 -879 693 -573 866 246 -622 -466 125 696
426 -628 114 -392 -883 169 -927 281 65 597 318 211 -283 558 807 623 -359 -736 -831 812 476 -838 891 -884 87 -888 -582 -500 -845 -131 -614 231 -579 600 637 -514 -223 -858 -364 -620 698 -930
-853 -194 241 -364 931 196 -924 400 -353 611 -418 217 -764 8 165 -757 -540 -791 752 -975 -147 -856 263 774 -858
-353 -318 112 582 -525 98 332 -258 -586 -48 799 660 884 -362 951 930 836 68 -628 900 -68 790 -331 -399 -326 823 -766 -842 -583 122 745 823 67 646 798 735 -796 -837 514
464 937 -724 945 -141 -351 -85 631 -182 229 -183 68 879 -324 -739 978 -684 789 -980 283 437 455 -913 -432 142 -591 -29 249 868 -747 901 -543 956 539 -845 -377 993 -816 963
893 768 -62 397 14 244 609 -448 -867 691 564 -638 -365 -251 615 565 -443 -10 350 -513 -353 -225 483 -970 830 946 572 -556 332 -757 -897 -616
-997 486 774 -872 -337 -795 -198 -544 -214 -449 938 502 684 -953 -719 -845 -45 983 512 564 -53 -511 -670 213 777 680 -617 694 -539 -157 -414 -767 -529 -640 -978 45
678 472 626 -601 -459 -990 880 -772 854 -871 -46 -449 107 951 -305 887 773 -516 433 -619 -9 673 546 645 195 -361 -679 994 -288 -345 386 447 785 -117 963 -979 334 -571 320 956 545 -877 77 14 -303 -760 253
-854 8 142 -30 -453 661 -903 -597 -294 -52 -524 52 880 -407 864 -470 -841 -512 -277 -521 50 971 -152 -426 869 889 645 185 -297 -578 -352 263 404 -914 18 602 -717 695 -193 855 110 371 16 -87 -441 -691 75 914 224 793 420
-508 974 203 628 -569 -519 691 440 -652 469 -950 -549 217 232 708 -672 992 -313 498 173 438 356 -348 90 100 -100 -331 543 -601 -892 822 -820 -397 184 699 115 442 205 -503 -598 654 -82 840 -94 -461 -895 -368 -332 38 -682 -300 739 -971 701 340 579 370 33 598 446 397
-649 -400 -700 -139 841 -933 241 507 -687 311 633 -825 725 -130 44 -237 750 727 613 -784 808 674 598 -841 305 466 969 -938 -494 382
-433 164 59 -242 -686 -496 -317 156 -415 646 327 611 222 557 823 38 504 128 931 601 -577 -160 -302 808 331 -573 -255 950 -742 -630 247 -818 -65 -498 371 550 -814 758 -441 696
960 -596 -631 -174 246 -168 -754 317 713 127 -369 257 -23 -15 493 962 -451 647 862 846 -830 -529 720 496 523 -863 760 656 -973 -426 232 508 143 649 -599 -302 -673 105 -650 -702 -381
946 369 268 480 459 490 -42 -268 846 482 307 -260 -644 -189 -928 978 15 157 -276 -911 -436 376 -895 -769 573 901 938 84 -642 -264 -703 300 937 556 -982 -42 -834 -187 -145 263 999 127 156 764 933 -261 216 449 -703 -71 930 -206 -840 209 895 629 590 -372 -95 851 -653 509 -244 -226 561 37 -377 192 456
-343 -97 -771 -725 -958 847 374 -293 462 745 629 -714 646 -868 -631 -972 -907 -119 -911 -829 -902 -62 731 -7 785 503 -55 737 697 931 -313 -416 -68 -294 890 484 6 162 79 82 468 -395 -68 683 922 958 94 285 -364 62 -815 341 -840
19 -199 -502 -635 274 520 -487 -903 -934 560 448 667 653 -977 -202 -86 -924 280 -338 -147 806 678 593 911 522 603 -282 962 657 530 -987 -184 19 -646 -694 216 -12 621 -940 354 136 548 -963 30 -418 -767 -122 98 -320 -811 -209 769 462 -715 -513 813 704 646 123 392 842 -654 641 -146 -125 329
-316 -709 772 -150 944 -63 -929 -144 -22 195 530 247 661 946 762 598 -265 425 940 206 -507 -295 -687 -179 -344 -806 -446 858 15 692 -417 211 678 -2 444 -957 -810 335 -446 104 -657 -985 220 -38 669 508 592 -38 85 -711 -267 -420 94 716 -120 397 -634 54 533 394
-362 -422 -141 -434 -590 885 -968 -689 433 -322 -876 -876 -823 546 431 331 -670 130 -755 -798 -845 374 636 -984 10 469
-635 7 -207 -460 856 -491 952 -860 -363 -457 408 897 -280 919 767 -724 873 869 -330 -404 -202 -486 -554 -50 963 -646 -516 964 727 381 758 -27 344 -121 -568 -585 -917 937 391 -303 648 38 683 -979 969 534 409 -597 942 179 894 -411 -855 102
884 -624 -965 -915 426 854 695 -936 655 650 -594 271 288 781 605 812 -820 767 -283 -546 -337 -922 -824 -89 308 965 525 -311 167 236 589 495 -334 -354 539 -127 927 369 600 31 162 -362 -573 511 -627 643 448 -311 864 -371 818 121 517 184 300 319 -524 -603 941 -112 -33 655 330 -640 -580 -254 -41 -846 687 265 255 119 430 171
-395 49 524 746 670 -243 -301 -643 -787 -660 56 -383 -652 -648 976 -354 519 397 318 -423 -319 -780 811 -258 -190
-607 -923 -418 -984 -593 749 -951 -337 -688 -757 254 -330 -909 542 206 16 -155 -287 -444 532 -666 -547 -573 -655 305 -761 862 -337 -889 322 815 849 -318 -551 -744 547 -613 -123 804 -628 277 795 -998 -858 474 367 -203 498 867 -252 244 641 152 454 268 680 490 347 -921 989 708 -149 -639 -581 -602 -41 690 989
587 574 -689 -525 -665 553 -186 -43 -941 -610 751 -924 -834 -247 -706 -484 467 338 -857 201 -471 -781 -781 85 158 70 -87 -877 -726
-220 390 172 733 -884 -920 44 238 -145 312 -780 -283 134 -553 -571 911 540 509 36 -505 590 775 -949 -962 812 -822 689 -244 466 -109 -698 -444 766 462 -21 230 787 947 281 853 218
738 733 -761 -594 -714 885 585 466 431 287 -544 -988 -915 275 -673 394 944 -90 -472 -830 37 -184 696 -933 -897 95 -989 317 741 -365 705 549 -874
87 825 -36 -354 778 766 561 877 872 262 -755 913 -619 235 40 -27 -191 551 777 -831 739 73 205 -226 62 -339 -663 -944 -456 407 -503 -227
224 -287 -894 -688 208 -171 -64 -152 -871 127 827 712 -525 579 -249 -254 861 -198 44 690 -329 -768 -957 -473 -333 -463 -852 779 890 805 307 157 -4 -110 76 -762 814 538 293 -618 476 474 645 -476 614 -847 951 156 -641 -975 808 -874 771 510 226 -814 817 -477 619 551 259 -331 -451 786 -609 -745 714 178 -331 -446 -749 534 362 713
-205 -634 248 -628 -726 514 233 298 -360 -571 164 -964 -718 -904 652 -430 -581 -164 -149 9 158 -387 -394 964 295 -877 -297 -789 36 -750 16 -697 272 663 -859 -26 597 731 -588 -310 -533 650 778 612 535 -808 -762 987 896 -570 445 621 409 -944 -557 986 613 -526 478 -465 671 -493 400 -240 987
208 -788 -613 -583 639 41 -139 83 -962 -806 -946 380 715 -472 -882 -344 -635 942 370 877 -538 563 -125 -251 -12 -419 -76 780 238 905 489 290 -675 952 314 250 -275 -13 15 179 302 914 643 745 -420 176 -66 831 -414 -779
530 835 179 762 577 -175 -815 853 -484 592 -426 -488 415 218 -393 578 889 -587 -300 770 -663 193 -930 240 218 -210 -23 730 -964 -901 -254 610 -804 391 13 357 385 809 -848 -472 242 -74 -838 738 62 -16 -452 79 168 -820 -722 740 146 331 535 -121 72 221 510 -884 577 -700 -447 -795 329 189
-141 539 -832 -891 744 -712 -51 278 -266 174 -45 -311 -749 -776 -750 -467 -272 -888 -979 621 933 -203 166 960 502 -206 -907 938 -274 -756 -257 78 5 67 536 188 -183 -544 900 735 -644 729 431 397 -712 -84 728 421 844 70 522 419 176 -54 -509 259 -615 237 607 881 536 30 -673 983 -965 -330 689 375
-243 -586 -241 555 -228 -781 432 -618 -471 -993 -326 -12 -687 897 158 -522 446 -52 719 -418 -356 13 407 -820 559 -34 -572 242 715 -810 -260 -264 -449 -803 -841 -29 -307 806 756 -18 119 -215 796
542 -972 552 290 840 502 169 526 590 -362 803 -69 225 505 58 186 677 405 -857 -785 -605 484 -830 435 -482 -156 177 -359 -642 -735 593 784 -685 -433 520 -273 -577 -842 -18 57 125 -197 204 288 -444 -884 821 835 157 -867 -702 770 966 725 -302 748 576 464 169 879 -551 43 741 -477 -255 -231 418 151 -73 -789 -17 -678 -576 -712
643 663 610 -134 231 -928 -775 601 -305 527 -920 -833 -200 -133 394 -869 -583 883 -559 142 836 -255 563 -615 -715 -83 -161 831 481 -594 -205 -380 -558 -945 -669 372 -500 -919 663 -442 -930 -401 -317 -389 171 946 445 -102 511 -156 -103 847 -755 -365 -328 -726 467 -739 -842 302 -474 -849 946 -461 687 -195 -31 -322
-196 -562 313 767 -541 400 -86 -572 -181 -530 980 20 360 -374 981 86 -390 837 348 -471 611 813 -575 -506 659 -590 -617 -439 -701 -35 -336 -723 748 -661 -959 666 830 -258 -166 -960 182 -448 36 -722 -331 235 743 -292 877 -906 -155 81 -791 288 30 -829 -672 997 -416 939 -464
164 -682 -247 -387 -712 -59 -641 186 75 -523 997 568 801 -626 -16 -206 -485 -950 -530 292 321 -243 -578 31 746 729 -44 462 456 221 101 942 -541 624 535 -522 205 -343 -741
-811 395 -621 -507 197 -147 -481 729 -970 -462 -784 775 858 585 925 625 392 -444 -151 549 -248 390 911 898 -284 905 -180 701 516 -101 -334 -665 60 -63 -824 1 -640
-426 115 -292 376 -656 -923 -82 -315 239 -813 -837 480 600 -265 353 102 316 893 -432 839 737 -852 -950 -430 5 806 -290
703 -240 302 884 -915 -847 487 -89 266 956 -943 -764 314 124 -400 524 50 -982 -72 -518 -658 902 -269 -939 376 -565 357 -142 644 103 -492 868 167
386 288 361 141 -998 -808 823 672 -458 337 -119 953 186 -115 650 968 -185 786 -5 -147 520 631 -519 459 896 261 -700 -426 578 366 -839 -142 931 814 -888 646 490 -194 396 782 -426 -978 -529 -189 790 410 538 -236 -346 298 -72
488 -273 992 837 -278 -911 762 -510 589 9 559 205 621 771 778 -973 587 -934 -11 -907 -267 802 871 -487 -758 267 -180 -185 40 349 808 -850 -239 -467 -750 -480 620 724 843 -912 -94 340 628 868 -490 -633 90 -439 880 -509 246 524 -850 529 340 -266 328 -843
-505 781 972 -827 146 -619 41 878 -363 -553 666 -761 -438 955 20 -766 -408 -347 -768 920 -762 578 941 -886 64 -945 -416 838 762 686 -442 478 491 -686 134 -662 594 512 -974 -780 35 273
-680 796 -556 988 197 -930 -958 14 -560 134 675 803 6 357 -420 -557 -928 107 747 672 181 581 -947 78 -56 500 879 760 555 234 542 801 365 877 -15 303 -501 719 622
388 376 624 -837 -214 191 -669 35 285 -10 -972 347 771 -876 -367 -323 670 215 -514 -725 -63 -279 -478 196 -822 -302 56 22 96 979 618 -667 -249 438 0 -975 -83 917 -957
-452 880 -209 957 -417 863 15 -258 241 -561 -483 -977 23 -849 -461 -55 669 -75 -239 33 454 -164 -112 -83 975 -598 625
657 286 263 -823 125 191 626 -296 872 -134 -549 974 -535 12 327 879 -76 251 -433 -942 -912 -10 84 -123 -986 -871 124 -980
676 745 21 -696 -663 -715 629 947 27 712 -366 271 -459 -653 897 -169 -910 580 139 -901 -894 841 -99 -708 -473 562 -238 802 741 -843 692 642 -655 -880 296 -993 -721 -258 999 -628
-229 -803 654 -630 -221 -5 -136 -549 805 861 -451 -302 -193 825 -520 -500 -327 -777 17 7 -909 838 443 -161 -330 -664 -320 309 -400 284 -212 -686 856 995 171 606 -433 -838 368 -931 129 -2 994 -20 164 -437 -831 822 137 -200 -532 -409 236 730 659 223 893 -466 -262 703 -291 677 474 826 -313 341 -191 789
303 -829 -415 212 878 -628 999 -794 728 808 365 423 261 -654 -959 985 41 -986 -657 979 -564 -241 395 72 -326 108 999 -188 648 -495 601 834 259 -821 -592 -710 -589 -428 663 560 -485
-374 -379 -22 -376 460 80 184 -237 -882 553 285 854 -486 702 -191 203 976 -132 -726 -73 -496 79 -142 -870 421 -374 -670 -61 850 -12 21 574 -480 -767 932 -248 629 472 396 -25 -555 663 630 -612 -755 359 -126 -571 -382 -146 408 798 -54 958 -781 -689 -94 -835 -721 28 816 -383 -582 924 62
708 -700 356 786 -176 -846 -256 -982 279 860 887 -628 -994 -606 399 -42 730 -938 475 -588 132 27 55 -389 463 862 -801 -623 -805 718 -300 406 -902 468 -988 -606 -710 -79 276 -373 -640 -599 480 651 596 286 5 -994 -201 645 -659 -268 702 307
718 -390 584 960 -876 -486 -148 525 395 -753 -588 -910 306 17 -213 515 91 467 -21 -13 261 -811 15 205 -649 68 991 830 -985 474 84 461 -443 817 76 934 126 -84 -254 -678 -885 -439 -923 668 -904 -237 -960