-68 -907 506 N/A -99 -716 N/A -379 N/A 904 -480 717 364 N/A -295 -110 N/A 618 N/A -24 -314 -400 -570 103 N/A 141 712 824 -973 573 N/A 217 -231
-822 679 376 -718 836 732 812 -953 N/A -32 968 694 -319 327 N/A -191 N/A -476 -210 775 596 -759 434 606 N/A -687 -494 N/A -674 324 N/A 583 N/A 292 352 699 280 -5 N/A -269 544 727 -512 -625 N/A 750 -35 N/A -402 N/A -102 N/A 849 -711 N/A -74 -532 -488 194 -10 N/A -796 360 167 809 25 351 N/A 682 N/A -922 N/A 320 N/A -615
211 N/A 132 590 N/A -385 -36 -396 -484 -361 467 N/A -502 -77 368 -410 N/A -787 -975 -800 218 N/A -206 211 N/A -457 -633 N/A -812 783 -188 N/A -610 N/A -953 240 N/A -301 322 121 854 341 N/A -199
-674 N/A 751 -794 718 N/A -4 N/A -199 -317 N/A -843 878 -633 3 N/A -137 -102 N/A 596 892 399 N/A 199 65 368 622 -753 N/A -219 N/A -933 N/A -852 -8 30 65 -416 371 122 469 -621 N/A -611 111 N/A -477 812 -865 54 -201 391 N/A -926 642 -273 N/A 531 N/A 754 48 -147 N/A -870
906 N/A 196 970 N/A -761 N/A -741 302 -146 -314 N/A -672 871 -877 232 N/A -662 -975 -180 N/A -612 -644 225 235 N/A 965 241 -148 N/A 677 N/A 131 -934 265 -494 -489 -550 -831 -733 348 -938 -779 N/A 884 N/A 773 -639 N/A 554 -998 N/A 110 752 125 -539 897 -966 N/A -387 N/A -217
-610 233 N/A -111 -239 -577 N/A -964 N/A -624 23 N/A -180 -77 564 832 N/A 973 N/A 763 -541 N/A -84 923 962 266 798 318 -227
-375 N/A 473 -28 N/A -143 N/A 838 -557 N/A -680 541 -9 116 263 N/A 590 N/A 261 N/A -842 134 -558 N/A 883 771 107 694 491 329 -968 -196 N/A -162 948 396 710 551 N/A -521 N/A 352 990 N/A 541 -763 -679 890 N/A 740 -74 -475 -815 -765 N/A 24
578 360 N/A -754 -977 -968 N/A 857 -336 323 -685 N/A 896 72 -176 N/A 7 -935 N/A -258 -492 782 -541 N/A -940 141 N/A -550 -474 -347 510 N/A 849 652 N/A -3 N/A -215 -987 709 27 -380 N/A -276 -304 N/A 882 -445 -113 36 -748
-886 535 -820 650 798 N/A -512 123 509 N/A -947 510 N/A -428 116 N/A -56 594 -437 -536 314 396 543 860 N/A -523 -374 N/A 16 N/A -953 -636 -217 -434 N/A -528 N/A -544 -304 -229 -268 N/A 176 366 829 -888 -556 N/A -802 N/A -202 N/A 934 -140 N/A 859 N/A -369 N/A 642 -332 -236 889 546 349 435 222 465 N/A -813 -614
593 N/A 552 N/A 124 264 N/A -534 181 178 -176 N/A -592 -103 782 757 -813 -159 -571 N/A 570 -852 N/A -292 550 N/A 172 N/A -963 N/A -350 -643 673 -648 -842 N/A 517 545 -645 -828 887 -317 -958 -803 -781 -716 N/A 783 95 N/A -134 -684 N/A -608 N/A -861 N/A 395 -145 N/A 483 47 -114 430 294 N/A -158 -883 967 -952 439 N/A -96 468 -356
-255 918 -806 -607 -680 -78 238 689 N/A -796 -88 N/A 880 N/A -347 N/A -600 N/A 770 -238 -87 119 -430 -661 N/A -183 N/A 334 -87
-742 -101 630 N/A 232 478 687 -320 63 N/A 457 -156 N/A -824 N/A -64 N/A 332 N/A -385 -505 -954 -985 N/A -942 -201 -642 -547 -75 945 N/A 630 N/A -815 -344 979 -475 N/A -883 897 -117 N/A -159 N/A -211 689 297 -836 -834 -757 N/A -807 237 -965 N/A -398 737 -889 N/A -717 630 N/A -377 -488 -150
294 453 -211 -896 750 179 -194 N/A 829 N/A 351 854 -536 N/A 838 -271 -351 -730 12 N/A 817 N/A -280 300 N/A 180 -138 N/A 516 914 N/A -191 -906 -820 N/A 365 -161 370
861 -862 163 N/A 619 -480 139 N/A -92 -925 N/A 533 325 -335 228 255 N/A -608 394 -32 N/A 871 970 966 N/A -397 -7 887 -379 N/A -907 456 -708 574 293 N/A 738 N/A -623 N/A -889 236 -630 -891 N/A 466 N/A -393 -603 N/A 279 922 -48 619 N/A 643 -662 N/A 940 188 -986 -577 141
-659 -214 22 -120 262 -649 -488 -119 N/A -955 -554 N/A -53 N/A -9 266 6 960 N/A -733 446 -697 693 N/A -70 N/A -193 N/A 852 86 N/A -877 779 65 N/A 993
126 -563 919 -29 N/A 551 946 N/A 773 -540 177 -835 N/A -768 -132 993 -739 N/A -906 -789 N/A -169 91 -833 N/A -73 -786 873 999 -222 N/A -842 925 -424 469 234 N/A -297 N/A -810 821 -532 N/A 818 N/A 774 944 -496 N/A 190 -279 -995 N/A -860 N/A -655 285 -218 59
-670 918 -14 404 159 -318 -90 849 N/A 323 66 N/A -538 -772 N/A -838 N/A -70 -788 N/A -705 -462 -444 N/A 702 N/A -186 N/A -833 -434 261 N/A 551 -22 635 N/A 833 -873 -618 851 -489 N/A 225 -631 295 N/A 190 -208 129 N/A -493 340 -122 -807 160 N/A 56 297 N/A -880 233 -991 695 226 -220 -786 N/A -13 N/A -174
990 -569 847 N/A -308 N/A -576 -834 N/A -826 630 -534 N/A -350 336 190 N/A 359 943 164 179 455 N/A -217 -999 -197 -19 196 445 -789 N/A 97 351 N/A -908 N/A -329 N/A 806 -673 1 71 N/A -540 -659 -974 N/A 479 68 N/A 332 -390 156
355 -991 N/A -88 N/A 402 N/A -440 N/A 887 N/A -930 269 N/A 461 N/A -352 436 351 466 4 N/A -741 510 N/A 232 426 -986 -617 300 N/A 879 -593 689 -952 -9 978 -706 N/A -429 N/A 207 -880 N/A -971 203 N/A -625 N/A -347 931 -735 478 -174 -410 165 -146 -843 N/A -912 111 -242 35 N/A 451 -897 364 -725
963 -410 986 N/A -606 N/A 467 188 279 -462 N/A -16 715 N/A -234 -317 -580 7 -444 -202 -125 -860 -761 -845 N/A 440 N/A -733 0 166 N/A -752 156 N/A 437 N/A 129 -34 N/A 304 -447 -530 -400 -749 45 N/A 251 N/A 134 N/A -706 461 N/A 816 -266 N/A -700 -809 N/A 720 840 -329 -893 -178 194 495
-382 -877 655 N/A -907 N/A -836 835 -431 N/A 401 18 N/A -99 130 N/A -169 N/A -494 -876 N/A -893 949 816 N/A -642 755 681 -60 -299 936 730 309 N/A 615 527 -605 -926 N/A 555 165 -901 N/A 393 -985 613 N/A -711
751 -855 -936 N/A -93 918 886 N/A -223 285 N/A 64 -194 N/A 803 -236 -986 N/A -707 N/A 953 391 318 N/A 866 -995 -597 -902 510 147 -686 726 -815 -416 504 -222 -985 N/A 818 N/A -66 -2 N/A -456 -59 102 N/A -255 N/A 760 N/A -476 -851 N/A -160 162 771 -971 N/A -901 -41 191 -807
951 570 N/A 286 -949 N/A 616 562 -411 974 -521 N/A 454 N/A -117 480 N/A -21 N/A 632 N/A -881 766 N/A -147 196 -675 -394 864 862 525 N/A -26 -179 -919 843 -359 -171 25 654 -563 890 N/A 758 N/A -334 N/A -508 -22 479 N/A 210 N/A -243 N/A -916 -36 -655 239 N/A 62 78 482 -54 617 189
-343 N/A 155 N/A -410 336 N/A -925 -637 N/A -787 656 475 N/A -485 -955 -776 N/A -224 752 -726 -386 71 -356 687 -676 683 -25 298 N/A 188 679 N/A 188 -881 -626 N/A 278
755 -18 N/A -696 N/A -925 598 999 N/A -248 -94 N/A 500 -43 678 626 -11 N/A -464 N/A 754 777 -660 N/A -962 -400 105 N/A 797 -469 -630 N/A -352 -733 N/A 615 N/A -584 218 -740 -925 908 N/A 283 -711 950 220 535 173
754 N/A 467 198 N/A -211 -835 N/A 761 938 565 -817 N/A -997 -416 536 N/A 297 42 -855 -594 784 477 239 N/A 178 N/A 998 225
38 -70 -24 -736 N/A 797 -396 N/A -871 633 -261 N/A 356 438 793 -251 N/A 247 N/A 269 -467 N/A -834 203 N/A 908 N/A -721 -813 -397 630 818
-501 -638 -735 N/A 737 N/A -734 -2 -282 621 N/A -686 N/A -904 312 243 N/A 866 90 N/A -876 -619 331 -874 51 N/A -60 -166 56 947 N/A 70 N/A 539 493 N/A 703 -312 443 -445 N/A -208 N/A 321 -453 N/A -948 860 735 N/A -827 -378 386 741 -773 613 -421
-291 803 N/A 397 N/A 908 -937 224 -603 529 N/A 325 -363 -328 N/A 851 N/A 387 -844 793 402 N/A -53 996 916 -299 -681 -538 75 N/A -200 N/A 313 509 133 N/A 68 -939 N/A 300 N/A 990 -499 N/A -660 -718 -380 N/A 633 N/A -74 -640 101 -724 -300 284 751 N/A -56 534 176 -36 N/A 940
732 N/A 726 549 512 N/A -369 N/A 324 N/A -862 -388 643 N/A 270 -696 -603 -767 N/A -209 38 -513 462 -256 831 108 -828 80 N/A 100 N/A -529 N/A -995 -874 N/A 855 N/A 708 368 -710 -887 -204 522 -229 591 894 N/A -358 N/A -924 894 -628 -968 N/A 812 149 N/A 546 -652 145 628 N/A 706 607 N/A 769 -819 N/A 67 -91 -743 -778 934
-157 -671 845 N/A 977 N/A 73 834 -659 137 453 449 N/A -922 N/A -804 -505 N/A -14 N/A -674 486 N/A -823 183 N/A 232 -696 311 -100 799 N/A 476 261 -788 -125 732 -478 808 N/A -874 N/A 120 -398 161 N/A -236 747 -421
-163 -3 845 -695 N/A 674 -770 N/A -936 224 N/A 348 513 N/A 387 658 444 -637 554 N/A -21 N/A -696 437 N/A 782 -367 517 378 -433 -406 -142 788 134 935 N/A 276 N/A 146 654 849 N/A 951 N/A -574 -466 -136 N/A 378 411 N/A -872
238 N/A -717 172 642 121 N/A 768 846 661 -219 108 840 442 N/A -818 N/A -705 N/A 333 252 -124 -407 930 211 N/A -795 N/A -693 -229 -300 -935 752 906 N/A -216 N/A -739 -333 193 371 -162 N/A 317 N/A -783 710
-428 539 -498 -241 N/A -304 -288 N/A 165 -160 -527 N/A -62 N/A -628 N/A 770 N/A 13 -542 N/A -867 582 -252 351 -710 N/A -547 -189 902 -394 N/A -773 371 -525 -2 -132 916 -9
938 853 N/A -133 N/A -544 918 735 639 N/A -763 240 -627 -861 577 302 -457 887 N/A 534 -738 N/A 339 -491 N/A 116 685 200 -631 240 -766 N/A -163 946 -513 709 N/A -957 825 N/A -537 -959 N/A -556 862 N/A 28 N/A -763
-900 N/A 417 N/A 683 536 N/A -11 N/A -431 N/A -234 382 215 988 -499 213 -34 -516 N/A -103 989 895 955 N/A -782 -451 -223
766 941 -253 N/A 353 -164 51 459 -203 111 -812 -742 N/A 988 766 N/A -323 269 -784 -211 N/A 996 N/A -640 518 N/A -626 -205 -462 -61 467 -170 288 N/A -345 212 -678 N/A 129 967 N/A 814 -262 -141 N/A 302 -855 N/A 236 N/A -418 N/A -842 -554 573
467 N/A 27 -352 N/A -911 N/A -923 -916 N/A -530 N/A 67 N/A -336 -63 783 -961 N/A 676 -716 -933 -362 -946 599 N/A 963 -886 -742 N/A 443 70 485 N/A 694 983 N/A 667 32 786 -292 -17 N/A -810 742 360 -998 -310 N/A 998 121 -313 768 -565 N/A -689 19
-287 N/A -61 440 N/A -590 229 617 -874 N/A 782 -512 -874 -319 -471 N/A -249 -886 -615 -941 N/A -822 -52 N/A -72 N/A 137 -121 741
164 -121 667 -507 67 N/A -256 -892 -673 N/A 990 -830 608 N/A -278 -341 700 767 N/A 38 N/A -801 N/A 890 -853 N/A 173 640 714 674 -546 328 N/A -876 986 -302 -453 N/A -510 -681 N/A -825 969
506 -246 726 379 547 N/A -624 N/A 419 37 N/A 588 -750 N/A 239 310 N/A -692 -520 N/A 960 N/A 855 559 294 -830 N/A 805 789 815 -162 N/A 823 226 -517 603 -668 6 N/A -743
339 1 N/A -815 N/A 317 N/A 969 N/A 976 67 N/A 581 -159 969 N/A -115 -909 -75 360 -93 -308 170 910 -596 233 -41 261 N/A -810 -428 13 814 724 N/A 726 -696 -606 N/A 102 N/A -815 -789 N/A -418 -664 N/A 526 -178 218 969 -892 273 N/A -954 -854 N/A -542 902
799 326 -302 N/A 547 N/A -128 204 -438 -525 N/A -458 -59 -881 N/A -122 -608 N/A -270 N/A -144 218 -66 -479 -396 N/A -754 330 436 -576 -186 N/A -537 127 N/A -817 809 -195 -332 N/A 636 384 N/A 847 32 -487 -567 98 N/A -148
-598 735 168 N/A -350 70 N/A 308 397 -915 199 N/A -118 -21 -45 -349 846 -807 N/A -933 N/A -155 N/A 2 N/A -781 N/A 469 -675 -782 -892 -334 -676
-101 -297 -426 N/A -970 -228 -198 -997 N/A -753 -226 751 N/A 478 860 -484 -322 916 N/A 804 N/A -852 -483 530 N/A -195 610 475 N/A -770 N/A -831 -398 29 283
510 N/A -761 -988 -962 N/A -600 655 -799 127 -920 -935 N/A 651 N/A 223 266 920 578 -148 548 684 790 388 N/A -304 N/A 951 -947 N/A 948 -223 297 N/A 103 N/A -464 -996 N/A 340 781 848 236 435 N/A 246 -323 N/A -904 -120
773 N/A -511 -427 -63 -782 -58 278 N/A -101 352 85 875 -234 -747 N/A 663 N/A -769 -646 -953 N/A 927 N/A -531 N/A -334 933 -582 953 N/A 536 151 228 N/A -272 -924 N/A 320 672 -334 -746 725 456 N/A -430 537 -936 N/A -134 N/A 781 784
900 N/A 356 -123 N/A 310 572 -486 740 -246 -537 N/A 815 198 -645 202 652 -491 N/A 106 N/A -56 -334 -570 N/A 187 -823 -445 773 N/A -721 229 N/A -470 -5 N/A -979 262 985 83 N/A -84 -104 -84 N/A -976
948 700 971 522 N/A 539 612 -69 -804 N/A -453 877 N/A 881 N/A 453 N/A 986 -854 623 -689 -275 227 -136 671 N/A -598 69 N/A -233 N/A 767 649 -898
599 507 N/A 75 641 989 458 -583 N/A -986 N/A -952 N/A 381 387 204 N/A -923 N/A -455 N/A 331 -426 N/A 198 N/A -206 -901 -951 N/A 286 129 -888 N/A 567 -148 -758 -581 N/A 535 113 775 80 -740 -259 -61 N/A 654 154 -129 -375 271 915 N/A 775 264 -166 -331 -982 141 N/A -812 -57
39 N/A 761 N/A -749 N/A -36 -669 873 -896 936 555 89 901 N/A -370 -782 321 352 N/A -317 -123 -654 281 -937 161 -224 -463 535 N/A -283 N/A -519 172 300 -451 N/A 998 450 N/A -852 N/A -465 N/A -638 80 N/A -326 N/A 112 -561 -828 N/A -548 -77 -997 -559
998 N/A -696 N/A -534 -115 N/A -243 977 523 N/A 515 -891 N/A 126 -854 N/A -813 -400 -134 -193 N/A -20 854 -821 -627 N/A 342 N/A 327 388 -837 -7 -399 -558 -315 -200 N/A 377 -503
-326 -457 -330 -752 -112 N/A -301 500 -235 N/A -618 -589 N/A 297 -54 -36 885 -106 N/A 464 -782 N/A -917 -665 908 N/A 605 947 N/A -838 707 N/A -888 N/A 781 -16 -775
-116 N/A 467 -396 N/A 489 -423 -970 -174 -100 -686 555 -694 N/A 503 746 -983 N/A -340 -594 507 -310 680 101 -573 -59 -641 N/A -872 -411 -869 -910 N/A 725 N/A -593 829 29 N/A 426 N/A -374 -974 N/A -279 -864 N/A -573 N/A 178 N/A -570 711
272 139 -967 285 N/A -306 909 32 -615 N/A -960 -782 461 938 -746 423 N/A 139 N/A -574 -362 80 953 580 N/A -360 -295 N/A -498 N/A -473 629 853 219 N/A 52 -787 111 N/A -372 N/A 18 N/A -225 402 552 -859 -484 720 N/A -47 N/A 191 N/A -581 948 -67 391 N/A -390 749 -48 N/A 904 -323
-364 -220 716 N/A -43 -436 N/A 418 N/A -87 N/A 99 944 -80 -744 -773 -420 N/A -782 N/A 343 997 N/A -660 N/A 777 -131 N/A -571 -301 914 -701 42 889 -204 -454 -859 N/A -285 471 243 5 -233 N/A 670 62 -89 N/A -765 -818 N/A 864 -43
5 N/A -800 N/A 380 -721 N/A 107 -306 666 -719 -738 -940 785 N/A -469 N/A 306 N/A 598 720 175 -407 817 85 472 680 -650 N/A 569
-418 -709 -471 206 -841 387 N/A 15 N/A 645 134 -279 860 N/A 338 N/A 229 -937 N/A -666 -993 -158 -583 8 959 -50 N/A -193 760 288 N/A -670 N/A 774 -540 N/A 918 N/A 192 -117 397
354 956 -557 -954 729 N/A 307 663 N/A 245 N/A -695 724 N/A -2 N/A -929 -775 -586 N/A 941 -231 -404 47 338 689 845 N/A 919 -263 -375
-544 536 -753 N/A 477 425 337 117 19 254 -276 N/A 258 -30 -18 947 N/A -89 N/A 350 -618 N/A -782 -812 496 984 314 567 -386 614 N/A 85 -940 309 11 648 N/A 637 -675 N/A 165 N/A 886 233 783 N/A 98 -224 945 N/A -908 N/A 397 755 503 129 N/A -333 -660 N/A 341 N/A 445 N/A -5 200 -426
-549 N/A -810 N/A 868 5 N/A -197 18 -622 N/A -188 -255 -838 N/A -345 -306 180 190 -45 N/A 666 -887 -453 313 545 N/A 0 N/A -312 -340 -72 -850 N/A 436 -682 -817 288 -507 -356 N/A 925 N/A 323 N/A 877 368 N/A 821 831 460 975 N/A -747 -953 N/A 171 -883 386 -475 N/A 401 216 -395 664 N/A -919 -243 389 475 88
-233 -511 68 -317 -188 -508 N/A 227 -956 N/A 354 N/A 87 -219 -189 392 -322 -455 -223 N/A -408 -650 N/A 605 -440 -404 N/A 900 N/A -881 N/A 189 140 161 624 N/A 379 -729 996 N/A -350 -320 -478 151 N/A -908 N/A 523 241 629 -37 -963 N/A -365 378